53.83585,5.206327,33.05986
53.83074,5.230016,31.02864
53.82171,5.245502,29.02589
53.80918,5.279199,26.98846
53.79082,5.318915,24.90952
53.76621,5.37205,22.8383
53.72595,5.424031,20.82916
53.73317,5.499372,18.76096
53.7686,5.583927,16.75166
53.79085,5.67762,14.74731
53.82618,5.772028,12.68116
53.83439,5.870644,10.65542
53.78337,5.950422,8.641537
53.68876,6.030436,6.630973
53.56352,6.083407,4.594721
53.3653,6.128146,2.527138
53.08086,6.191356,0.5061446
52.68005,6.276877,-1.506142
52.15632,6.340136,-3.483852
51.49427,6.509946,-5.477224
50.71317,6.698611,-7.397319
49.75198,6.992075,-9.255483
48.57734,7.282443,-10.93354
47.01676,7.504205,-12.28674
45.22691,7.600069,-13.18969
43.27892,7.570151,-13.68795
41.24173,7.469035,-13.95043
39.24846,7.326323,-14.04221
37.14003,7.12405,-13.93325
35.09126,6.882022,-13.67379
33.1215,6.644917,-13.30717
31.08626,6.393193,-12.8893
29.00516,6.141873,-12.43529
26.9259,5.899484,-11.89398
25.02091,5.683496,-11.31098
22.9787,5.468417,-10.63332
20.94121,5.28946,-9.972011
18.9351,5.139973,-9.293651
16.9654,5.012905,-8.557446
15.0376,4.907007,-7.763821
13.15261,4.773003,-6.939639
11.31575,4.667435,-6.093
9.379706,4.57701,-5.169168
7.508205,4.487477,-4.201318
5.777669,4.410147,-3.084895
4.236805,4.333336,-1.793575
2.832081,4.273065,-0.2620986
1.660433,4.237743,1.381418
0.6739313,4.212552,3.198633
-0.05535654,4.21981,5.152573
-0.4380059,4.251552,7.184462
-0.481382,4.302602,9.227749
-0.3734215,4.374047,11.32515
-0.2410886,4.444373,13.33305
0.1459806,4.523587,15.38511
0.8261369,4.62068,17.32988
1.6941,4.71425,19.17228
2.657935,4.806032,20.95909
3.732586,4.878366,22.71934
4.978997,4.941555,24.45254
6.295026,4.985948,26.05801
7.586076,5.013328,27.6158
8.876079,5.030659,29.20794
10.17802,5.03828,30.79784
11.50448,5.042035,32.37873
12.77106,5.049978,33.97338
13.94863,5.063061,35.71982
15.01912,5.085753,37.4538
16.04575,5.137869,39.26448
16.92265,5.187264,41.16647
17.62948,5.228919,43.13879
17.983,5.271056,45.18493
17.92804,5.271269,47.24833
17.72984,5.275131,49.31078
17.45058,5.284,51.35282
17.02506,5.295866,53.3387
16.41789,5.305527,55.31765
15.63099,5.32642,57.16175
14.65516,5.353748,58.96939
13.42296,5.374872,60.621
11.76775,5.373145,61.80724
9.860388,5.325616,62.48263
7.917696,5.341466,63.05152
5.964893,5.359848,63.50615
3.957966,5.397878,63.79066
1.939465,5.419661,63.8405
-0.0489291,5.424335,63.5815
