356.76645730400924,10.0,288.69100124109536
356.73676553322,10.0,290.1700407695025
356.7105250788154,10.0,291.64721885696054
356.6774622296216,10.0,293.1288973428309
356.6400090113748,10.0,294.59988864604384
356.5996780222049,10.0,296.0648654103279
356.56096595781855,10.0,297.5317408833653
356.5124506620923,10.0,298.9994322191924
356.46260771376546,10.0,300.4606764540076
356.3901290440699,10.0,301.9147620322183
356.3242671820335,10.0,303.3572424314916
356.2480644680327,10.0,304.8035314325243
356.1586121300934,10.0,306.2518318435177
356.068661859259,10.0,307.6860330309719
355.98594899848104,10.0,309.117734673433
355.8912328624865,10.0,310.5455744806677
355.78669937641826,10.0,311.96446303650737
355.67523610789794,10.0,313.3790830941871
355.5596675249981,10.0,314.79100925289094
355.4272152845515,10.049999999999997,316.1965959556401
355.29656663467176,10.099999999999994,317.59065309073776
355.1643907581456,10.150000000000006,318.9820352746174
355.0226855427027,10.200000000000003,320.36036174558103
354.8883841934148,10.25,321.7486206339672
354.74605548917316,10.299999999999997,323.12993922643363
354.6047675597947,10.349999999999994,324.49827979132533
354.4616649475647,10.400000000000006,325.85628507100046
354.3169336740393,10.450000000000003,327.2137234425172
354.1739635793492,10.5,328.56540334783494
354.02179158560466,10.549999999999997,329.90624972153455
353.8745840470074,10.599999999999994,331.2381424997002
353.72080057731364,10.650000000000006,332.57609132956713
353.5711428835057,10.700000000000003,333.91395950037986
353.42574665660504,10.75,335.2449776940048
353.27515244297683,10.799999999999997,336.5699642980471
353.12936117395293,10.849999999999994,337.9079718887806
352.97349398303777,10.900000000000006,339.2371373185888
352.82187141652685,10.950000000000003,340.57343723252416
352.660597192822,11.0,341.9133288413286
352.5020525662694,11.0,343.25601523555815
352.33374261914287,11.0,344.6060661105439
352.17728041368537,11.0,345.95775790698826
352.0070489909267,11.0,347.31201224494725
351.8410458860453,11.0,348.67562071513385
351.67111997585744,11.0,350.03509377874434
351.49305501033086,11.0,351.4028311856091
351.3157447616104,11.0,352.7731268880889
351.1358608768787,11.0,354.15450255479664
350.9565688079456,11.0,355.53721444122493
350.77682102052495,11.0,356.923474624753
350.5934169901302,11.0,358.3277991078794
350.4123920002021,11.0,359.72414989117533
350.22345478401985,11.0,361.13298426102847
350.0399957651971,11.0,362.55650941003114
349.8628606571583,11.0,363.9731997400522
349.6763051187154,11.0,365.40879991743714
349.49728963605594,11.0,366.83579839300364
349.3171641676454,11.0,368.2852084413171
349.12639553891495,11.0,369.72111064195633
348.9467362766154,11.0,371.1538758194074
348.7602343575563,11.0,372.59391597379
348.57141358673107,11.0,374.0220632972196
348.3838076852262,11.0,375.46031953021884
348.18931286467705,11.0,376.88875813316554
347.99646830605343,11.0,378.3265319271013
347.8024207185954,11.0,379.76429688651115
347.61713806621265,11.0,381.2138910712674
347.4181270566769,11.0,382.6604986656457
347.22949714038987,11.0,384.10951332282275
347.0391445037676,11.0,385.5590702686459
346.8539026665967,11.0,387.02653396781534
346.66902502207085,11.049999999999997,388.49122563097626
346.48251875222195,11.099999999999994,389.9553503887728
346.29739025142044,11.150000000000006,391.4308061283082
346.1137528877007,11.200000000000003,392.9021662492305
345.93461386847775,11.25,394.38121765851974
345.7509916087147,11.299999999999997,395.86223392374814
345.5653725184966,11.349999999999994,397.3460102416575
345.38482476887293,11.400000000000006,398.8413666617125
345.19463086361066,11.450000000000003,400.3278840938583
345.0018181964988,11.5,401.81993172410876
344.8154722228646,11.549999999999997,403.3207949921489
344.61996063718107,11.599999999999994,404.8175953188911
344.42305132595357,11.650000000000006,406.31749306526035
344.2321994206868,11.700000000000003,407.82342872489244
344.03700516803656,11.75,409.3355478523299
343.84043684019707,11.799999999999997,410.8475459003821
343.64458001591265,11.849999999999994,412.3679843302816
343.44676470092963,11.900000000000006,413.8859666194767
343.24628221499734,11.950000000000003,415.4043732751161
343.048369991011,12.0,416.93556252866983
342.8437663438963,12.0,418.4651487758383
342.6469806894893,12.0,420.00677926559
342.4426951336209,12.0,421.5515733258799
342.2382682589814,12.0,423.10391358844936
342.0362190885935,12.0,424.6601559370756
341.8413469103398,12.0,426.2221114579588
341.63315574557055,12.0,427.7838581269607
341.42830010468606,12.0,429.3595029069111
341.2297482441645,12.0,430.94274124968797
341.0327041352866,12.0,432.5313181420788
340.83120974793565,12.0,434.12907440494746
340.62521074863616,12.0,435.7550997072831
340.4250806582859,12.0,437.37772748991847
340.2237897646846,12.0,439.0179939623922
340.0267902704654,12.0,440.67072271648794
339.83363863872364,12.0,442.3377973018214
339.6402641386958,12.0,444.02351636625826
339.44691285828594,12.0,445.7177817421034
339.25799466948956,12.0,447.42861702665687
339.06641075434163,12.0,449.16307333111763
338.8680767333135,12.049999999999997,450.9039173955098
338.66307314601727,12.099999999999994,452.66358054522425
338.46255923144054,12.150000000000006,454.4438096145168
338.2587157806847,12.200000000000003,456.24443615600467
338.050114529673,12.25,458.06101012881845
337.8411531226011,12.299999999999997,459.9032198647037
337.63518625707366,12.349999999999994,461.7706460598856
337.41013504343573,12.400000000000006,463.6505847563967
337.20288384659216,12.450000000000003,465.5641728537157
336.98320877656806,12.5,467.4960938068107
336.7714852251811,12.549999999999997,469.4452764550224
336.56837782193907,12.599999999999994,471.41483336128294
336.34992918442003,12.650000000000006,473.41380056459457
336.13620682945475,12.700000000000003,475.4362211311236
335.9081439864822,12.75,477.4805121142417
335.6761188072851,12.799999999999997,479.5377596784383
335.4330610553734,12.849999999999994,481.61113055143505
335.19508312479593,12.900000000000006,483.70662552304566
334.9354179399088,12.950000000000003,485.8297083461657
334.66903372493107,13.0,487.9549615914002
334.38079744868446,13.0,490.09514876361936
334.13994083425496,13.0,492.31348718702793
333.8713474480901,13.0,494.5055394722149
333.6010263605276,13.0,496.72221858333796
333.35040233505424,13.0,498.97167312260717
333.15878557402175,13.0,501.28404789138585
332.36690764001105,13.0,508.2023744536564
332.10702564241365,13.0,510.57740031555295
331.82200087199453,13.0,512.8187219863757
331.5864917115541,13.0,515.1983665013686
331.29466148046777,13.0,517.4770414130762
331.0575051716296,13.0,519.8586716512218
330.7609009601874,13.0,522.1204412281513
330.51525951421354,13.049999999999997,524.4990124581382
330.229194449028,13.099999999999994,526.7650770712644
329.99973451404367,13.150000000000006,529.1870528301224
329.7329501461936,13.200000000000003,531.4606953728944
329.4521119648125,13.25,533.7289072191343
329.2058885960141,13.299999999999997,536.0815028743818
328.95825046871323,13.349999999999994,538.4395265961066
328.706255963305,13.400000000000006,540.7939666863531
328.448659296846,13.450000000000003,543.1389315892011
328.18895680003334,13.5,545.5366006977856
327.91345614148304,13.549999999999997,547.8270495980978
327.6692004058277,13.599999999999994,550.2160641076043
327.36961897299625,13.650000000000006,552.5324184829369
327.1345440222649,13.700000000000003,554.9351520882919
326.8524236251833,13.75,557.3079060809687
326.58581587835215,13.799999999999997,559.6630158508196
326.3075243041385,13.849999999999994,562.0059420252219
325.9835441891337,13.900000000000006,564.2862678645179
325.681758451974,13.950000000000003,566.6454478073865
325.3543038396165,14.0,568.98934472166
324.98511513427366,14.0,571.2938670124859
324.5879149065586,14.0,573.5978505732492
324.13210956566036,14.0,575.8778740121052
323.6335193053819,14.0,578.1445974847302
323.0671034294646,14.0,580.3440074939281
322.5022680913098,14.0,582.6558607788756
321.8667792471824,14.0,584.88761613518
321.18087505653966,14.0,587.115338569507
320.46108467667364,14.0,589.3584615569562
319.6732991015306,14.0,591.4637920241803
318.85484021389857,14.049999999999997,593.6619058446959
317.98806991183665,14.099999999999994,595.8152693677694
317.0853100742679,14.150000000000006,597.9779136637226
316.15292363846675,14.200000000000003,600.1142580825835
315.1726856910391,14.25,602.2017490398139
314.1269047114765,14.299999999999997,604.2388137513772
313.07143086520955,14.349999999999994,606.2968952739611
311.94841442548204,14.400000000000006,608.295989766717
310.77222980966326,14.450000000000003,610.2329841582105
309.5614809578983,14.5,612.1607347764075
308.3369951242348,14.549999999999997,614.1219032984227
307.0493692634627,14.599999999999994,616.0331073049456
305.7392237611348,14.650000000000006,617.9098506029695
304.3858173371991,14.700000000000003,619.7913819001988
302.9588808665285,14.75,621.5281990300864
301.5559746535728,14.799999999999997,623.3865036116913
300.093743400299,14.849999999999994,625.1785564562306
298.6194579215953,14.900000000000006,626.9504320845008
297.1257231334457,14.950000000000003,628.7027421398088
295.59356770443264,15.0,630.3858463335782
294.0673816750059,15.0,632.0987396454439
292.57227027846966,15.0,633.8632492125034
291.0197957701748,15.0,635.5166820874438
289.50930321321357,15.0,637.2109343959019
288.0300852867076,15.0,638.9412659797817
286.5343785297591,15.0,640.6116538345814
285.05138185899705,15.0,642.2715913522989
283.57543111860286,15.0,643.8966194074601
282.1627278426895,15.0,645.5688383113593
280.7592818781268,15.0,647.2092716488987
279.39163155131973,15.0,648.843530648388
278.02486154739745,15.0,650.4281843649223
276.73587812599726,15.0,652.0929882479832
275.45796304382384,15.0,653.7017132639885
274.1763672961388,15.0,655.2616874007508
272.979981614626,15.0,656.9207342164591
271.7657157027861,15.049999999999997,658.4752095416188
270.60659869469237,15.099999999999994,660.0679369941354
269.51340668299235,15.150000000000006,661.7294065617025
268.4066464472562,15.200000000000003,663.2373902201653
267.36043165042065,15.25,664.8328335788101
266.3241283632815,15.299999999999997,666.3424445111305
265.3488363864599,15.349999999999994,667.9228702131659
264.36928075773176,15.400000000000006,669.4285693056881
263.4790462999372,15.450000000000003,671.0000744247809
262.5943757521454,15.5,672.5277799107134
261.71879149682354,15.549999999999997,674.011822600849
260.9461951771518,15.599999999999994,675.5729814236984
260.16816666105296,15.650000000000006,677.0663973093033
259.4900683076121,15.700000000000003,678.6320233475417
258.81016069010366,15.75,680.12804620713
258.22228474204894,15.799999999999997,681.6718036932871
257.70064534735866,15.849999999999994,683.218378030695
257.23744426865596,15.900000000000006,684.7764800973237
256.7992160641588,15.950000000000003,686.2924787160009
256.42732164321933,16.0,687.8097410285845
256.12205625569914,16.0,689.3465823363513
255.9030383854406,16.0,690.923013580963
255.70025507628452,16.0,692.4301959751174
255.5803438349394,16.0,693.9685083823279
255.544438015786,16.0,695.5357393380255
255.52150168898515,16.0,697.0453513031825
255.59077822626568,16.0,698.6013672789559
255.67283768963534,16.0,700.1017606938258
255.8658569031395,16.0,701.6702275080606
256.07561269029975,16.0,703.2064084196463
256.3341192767257,16.0,704.7391734505072
256.59836968733,16.0,706.2386840088293
256.95027509890497,16.0,707.785009120591
257.3284533912083,16.0,709.3111051097512
257.77477810159326,16.0,710.8724406706169
258.2236536431592,16.0,712.3906203480437
258.7476640989771,16.0,713.9519711025059
259.2917464422062,16.0,715.4949340680614
259.87529510678723,16.0,717.0232032109052
260.49738561711274,16.0,718.569069490768
261.1571480357088,16.0,720.1105507565662
261.8519400549121,16.0,721.6563957398757
262.57863512972835,16.0,723.199367233552
263.3465305310674,16.0,724.7489675292745
264.14558163215406,16.049999999999997,726.2921372298151
264.9900770408567,16.099999999999994,727.8374163601547
265.8861247788882,16.150000000000006,729.3721970403567
266.79651207849383,16.200000000000003,730.9787818314508
267.75544366042595,16.25,732.5163550367579
272.0864635304315,16.299999999999997,738.4726135479286
273.2607742410619,16.349999999999994,739.8895697174594
274.4727224265225,16.400000000000006,741.2599650779739
275.7168434925843,16.450000000000003,742.6024056496099
276.9876268627122,16.5,743.906640031375
278.2952071412001,16.549999999999997,745.1617547394708
281.00789644557517,16.650000000000006,747.5441758036613
282.4180701531004,16.75,748.6605314863846
283.86208003922366,16.849999999999994,749.7330732950941
285.33486314385664,16.950000000000003,750.7491113552824
288.34552479395643,17.049999999999997,752.6582467444241
289.8942425358109,17.200000000000003,753.5381050277501
296.3374288592022,17.299999999999997,756.5942107150331
304.82125749473926,17.450000000000003,759.3784025507048
306.56463905982673,17.599999999999994,759.8105222443119
308.3221378308954,17.700000000000003,760.192579081282
310.09492413222324,17.799999999999997,760.5524398600683
313.64861515769735,17.900000000000006,761.2314893919975
315.43608634604607,18.0,761.5107704158872
317.20787884877063,18.099999999999994,761.7952641397715
319.0184228186263,18.200000000000003,762.1389779979363
320.3080231092172,18.349999999999994,762.5414629653096
322.24622284364887,18.5,762.8093111291528
323.9248597676633,18.650000000000006,763.175808695145
325.40544621949084,18.799999999999997,763.6316404044628
327.8309552290011,18.950000000000003,763.7633353089914
329.45980612619314,19.049999999999997,764.2039417810738
331.6576584278373,19.150000000000006,764.4543880540878
333.2099121052306,19.25,764.9690169859678
335.1819434140343,19.349999999999994,765.345664053224
337.1522723142989,19.5,765.7551518045366
338.64193120319396,19.599999999999994,766.3795337472111
340.3378081389237,19.75,766.960813947022
342.3014320653165,19.849999999999994,767.4991117548198
343.80147249926813,19.950000000000003,768.2308971779421
345.75450851372443,20.049999999999997,768.8417047392577
347.2340419891989,20.200000000000003,769.6743399417028
348.89486393297557,20.349999999999994,770.4766760841012
350.5336113963276,20.5,771.3242447637022
352.15376509644557,20.650000000000006,772.2228429662064
353.7463849436026,20.799999999999997,773.1728489240631
355.2945506974356,20.900000000000006,774.1730283536017
356.8089316372061,21.0,775.2215728480369
358.3026816827478,21.099999999999994,776.3176911771297
359.7873147226637,21.25,777.4615789586678
361.2328444569139,21.400000000000006,778.6291531482711
362.6585813424317,21.549999999999997,779.8471930064261
364.0462025356246,21.700000000000003,781.1182275414467
365.3995189113775,21.849999999999994,782.4265243439004
366.71280788374133,22.0,783.7906874408945
367.9810678312788,22.099999999999994,785.1897031515837
369.22618276649155,22.200000000000003,786.6392707945779
370.4060028374661,22.299999999999997,788.1567276604474
371.55751804972533,22.400000000000006,789.6901809638366
372.6464803589042,22.5,791.2692348528653
373.68222112965304,22.599999999999994,792.8987304344773
374.66204258217476,22.650000000000006,794.5598907424137
375.57493559923023,22.700000000000003,796.2423128355294
376.431307025603,22.75,797.9565061721951
377.2181085021002,22.799999999999997,799.7005989551544
377.9443954179296,22.849999999999994,801.4702181983739
378.6007130049402,22.900000000000006,803.2656273273751
379.1929070232436,22.950000000000003,805.0865363422781
379.7200075588189,23.0,806.9246139377356
380.1875501165632,23.0,808.7750172968954
380.58116744516883,23.0,810.6516253408045
380.92602472554427,23.0,812.54463413544
381.2035599864321,23.0,814.4423643257469
381.42028135969304,23.0,816.3596252789721
381.56353427504655,23.0,818.2994316117838
381.6501413109945,23.0,820.2529169442132
381.67750885756686,23.0,822.2105171587318
381.64110248174984,23.0,824.1811890024692
381.52223840600345,23.0,826.1581357372925
381.34495920233894,23.0,828.143975937739
381.0962410692591,23.0,830.1335083413869
380.777740405174,23.0,832.1235264586285
380.38983386557084,23.0,834.121247340925
379.9386620729929,23.0,836.097970048897
379.4170473985141,23.0,838.0715110134333
378.8205025313655,23.0,840.0327361598611
378.1651198795298,23.0,841.9668913437054
377.4547989801504,22.950000000000003,843.8695657048374
376.67612277762964,22.900000000000006,845.75397925172
375.8351814977359,22.849999999999994,847.6099658124149
374.94310887507163,22.799999999999997,849.4192941272631
373.98915355373174,22.75,851.2066356614232
372.9771435816074,22.700000000000003,852.9539274042472
371.90517603827175,22.650000000000006,854.6511663924903
370.7817291172687,22.599999999999994,856.3257182426751
369.6000177216483,22.549999999999997,857.9420166611671
368.3675604456803,22.5,859.5059993639588
367.0813228194602,22.450000000000003,861.0213066954166
365.7418128385907,22.400000000000006,862.4772874871269
364.348475503386,22.349999999999994,863.8676113244146
362.92647977685556,22.299999999999997,865.2169918110594
361.43700715957675,22.25,866.5104930466041
359.9048317987472,22.200000000000003,867.7563993893564
358.3368101217784,22.150000000000006,868.9572030194104
356.7275929939933,22.049999999999997,870.1040965206921
355.0744020981947,21.950000000000003,871.2009441033006
353.3833310881164,21.849999999999994,872.2487894883379
351.65092019038275,21.799999999999997,873.2272963132709
349.8833272201009,21.75,874.1521592941135
348.0577603924321,21.700000000000003,875.0259856525809
346.1950249983929,21.650000000000006,875.8358316645026
344.30395435134415,21.599999999999994,876.57243921794
342.3831205543829,21.549999999999997,877.2780845826492
340.43250449269544,21.5,877.9085940876976
338.4422508953139,21.450000000000003,878.4836513418704
336.42459435376804,21.400000000000006,878.9989067316055
334.38410052249674,21.299999999999997,879.4528399826959
332.301831613644,21.200000000000003,879.8264438603073
330.1852836282924,21.099999999999994,880.1404173988849
328.0538024089765,21.0,880.4050027532503
325.9045486690011,20.900000000000006,880.6089692050591
323.73102156294044,20.799999999999997,880.7365085948259
321.5356743503362,20.700000000000003,880.7812016177922
319.31869119557086,20.549999999999997,880.7764572799206
317.0894085508771,20.450000000000003,880.6796134924516
314.85760830168147,20.349999999999994,880.5160475736484
312.6014797439566,20.25,880.2834905292839
310.34097561682574,20.150000000000006,879.9797581732273
308.05667460430413,20.0,879.5931650241837
305.7740995702334,19.849999999999994,879.1587490523234
303.4890819604043,19.700000000000003,878.6590543938801
301.1963467093883,19.549999999999997,878.075174216181
298.89698218600824,19.400000000000006,877.4344197688624
296.6018338672584,19.200000000000003,876.722664131783
294.3048617102904,19.0,875.9549574293196
292.00441099109594,18.799999999999997,875.1342842131853
289.7020118207438,18.650000000000006,874.2278030328453
287.3984691115329,18.450000000000003,873.2780285160989
285.1021417097654,18.25,872.2583847204223
282.8007484311238,18.049999999999997,871.2029660306871
280.50417855381966,17.849999999999994,870.0874275164679
278.2054818746401,17.650000000000006,868.9220401085913
275.89934210816864,17.400000000000006,867.705210942775
273.5831597012002,17.200000000000003,866.4515714682639
271.2779597241897,17.0,865.1650496413931
268.9549980192678,16.799999999999997,863.8396630538628
266.6194148606155,16.599999999999994,862.4775582421571
264.28247882111464,16.400000000000006,861.0889179008082
261.93397480994463,16.25,859.6722242087126
259.56467816932127,16.049999999999997,858.231516065076
257.18623786012176,15.849999999999994,856.7719844626263
254.7850358041469,15.650000000000006,855.2874250924215
252.3624949150253,15.450000000000003,853.7947187162936
249.92782960960176,15.299999999999997,852.279504423961
247.4792092751013,15.150000000000006,850.7453204328194
244.9994234626647,15.0,849.195370153524
242.50807269383222,14.849999999999994,847.6169227128848
240.0115389941493,14.75,846.0185710825026
237.50670768739656,14.650000000000006,844.4031781274825
235.00207081239205,14.549999999999997,842.7845687568188
232.48862026864663,14.450000000000003,841.1372604630888
229.98813224514015,14.349999999999994,839.4799481052905
227.49662338243797,14.299999999999997,837.8050552206114
225.01171378570143,14.200000000000003,836.1324313357472
222.53967100882437,14.099999999999994,834.4511345243081
220.0649355223868,14.0,832.7501737624407
217.59422091778833,13.900000000000006,831.0398092567921
215.1305270892335,13.799999999999997,829.3328267103061
212.66842301527504,13.700000000000003,827.6432818677276
210.20785875758156,13.650000000000006,825.9311074120924
207.7393577269977,13.599999999999994,824.2229821570218
205.28197202878073,13.549999999999997,822.5223754532635
202.8101183634717,13.5,820.814116248861
200.35009188996628,13.450000000000003,819.1100511495024
197.89292708283756,13.400000000000006,817.4257638370618
195.44343422807287,13.349999999999994,815.7380929142237
192.99377281568013,13.299999999999997,814.0381017997861
190.53939769626595,13.25,812.3479549381882
188.0766713245539,13.200000000000003,810.671510277316
185.6315542194061,13.150000000000006,808.9842075929046
183.19123567000497,13.099999999999994,807.3103705151007
180.7615581494756,13.049999999999997,805.6501528406516
178.3270111111924,12.950000000000003,803.9741398636252
175.89703983429354,12.900000000000006,802.3068183297291
173.488050548709,12.849999999999994,800.6491963602602
171.08791297115386,12.799999999999997,798.9796532317996
168.68925498635508,12.75,797.3308766121045
166.3017910871422,12.700000000000003,795.6906179171056
163.93365893349983,12.650000000000006,794.0507235880941
161.56568356591742,12.599999999999994,792.4244827711955
159.21090913226362,12.549999999999997,790.8260865956545
156.87889640196227,12.5,789.2290787687525
154.5496802125126,12.450000000000003,787.6373086236417
152.22919142001774,12.400000000000006,786.0505976174027
149.9317596590845,12.349999999999994,784.4953550361097
147.64716746215709,12.299999999999997,782.9234478911385
145.36911541305017,12.25,781.3619112959132
143.11038643901702,12.200000000000003,779.8371431911364
140.86140879627783,12.150000000000006,778.3184405686334
138.62144650088158,12.099999999999994,776.8006925452501
136.4100216764491,12.049999999999997,775.3053519101813
134.19913554552477,12.0,773.8302158210427
131.99834757635836,12.0,772.3724685674533
129.82043161580805,12.0,770.9245454398915
127.66479877277743,12.0,769.5081959040835
125.54150094999932,12.0,768.1002968801185
123.43685485154856,12.0,766.7035228880122
121.35552269988693,12.0,765.3149113478139
119.29948280507233,12.0,763.9694381738082
117.27642648888286,11.950000000000003,762.637747630477
115.2752583057154,11.900000000000006,761.3094365196303
113.31040961830877,11.849999999999994,759.9970411946997
111.36780222854577,11.799999999999997,758.710225597024
109.46823488071095,11.75,757.4369331700727
107.58734138275031,11.700000000000003,756.1717690816149
105.73454670840874,11.650000000000006,754.9068111060187
103.90279445692431,11.599999999999994,753.6668690610677
102.08320856990758,11.549999999999997,752.3966055791825
100.27588130126242,11.5,751.1068982258439
98.50367908354383,11.450000000000003,749.808458250016
96.74505154846702,11.400000000000006,748.4633917631581
95.02828756696545,11.349999999999994,747.0929936124012
93.33774376881775,11.299999999999997,745.6859394432977
91.6713652482722,11.25,744.2294505024329
90.0329531141324,11.200000000000003,742.7325446698815
88.43549337703735,11.150000000000006,741.2056388920173
86.87877466599457,11.099999999999994,739.6306404331699
85.36521130008623,11.049999999999997,737.9946922371164
83.90867933933623,11.0,736.3157649766654
82.50476964120753,11.0,734.5857241898775
81.14170150901191,11.0,732.8055935557932
79.82479188079014,11.0,731.0003844117746
78.54520783515181,11.0,729.1558255646378
77.31288911867887,11.0,727.2641095016152
76.12484576262068,11.0,725.3463021907955
74.98069591505919,11.0,723.4076172858477
73.8876418240834,11.0,721.4267976135015
72.85907013597898,11.0,719.4064938044176
71.882339929929,11.0,717.3595990557224
70.92824428540189,11.0,715.2845678692684
69.98864396580029,11.0,713.1897758496925
69.07315610174555,11.0,711.0645274212584
68.1784957179334,11.0,708.9232270866632
67.29821309319232,11.0,706.7664935989305
66.44008681445848,11.0,704.5765146575868
65.58185482851695,11.0,702.3656691759825
64.72704905306455,10.950000000000003,700.1562917139381
63.87229481572285,10.900000000000006,697.9280466586351
63.005485388450325,10.849999999999994,695.6912784129381
62.1190442617517,10.799999999999997,693.436164570041
61.22902268730104,10.75,691.1770290704444
60.308715373277664,10.700000000000003,688.9110129037872
59.3672488196753,10.650000000000006,686.6475058682263
58.394894138444215,10.599999999999994,684.3772247731686
57.388569032307714,10.549999999999997,682.1103580491617
56.34479156730231,10.5,679.8529846360907
55.26730619731825,10.450000000000003,677.6101264143363
54.16688449215144,10.400000000000006,675.365990771912
53.00759545736946,10.299999999999997,673.1336336601526
51.82485184527468,10.200000000000003,670.9238579422235
50.60753628204111,10.099999999999994,668.6939626839012
49.36533860024065,10.0,666.4703230699524
48.11170791729819,9.900000000000006,664.2588088493794
46.827702818089165,9.799999999999997,662.0407464392483
45.51973085303325,9.700000000000003,659.8212881786749
44.181038186419755,9.599999999999994,657.6073769936338
42.81437699368689,9.549999999999997,655.4104648604989
41.410839586751536,9.5,653.214726280421
39.99877143546473,9.450000000000003,651.0102684982121
38.577297674142756,9.349999999999994,648.8227235199884
37.14908388222102,9.25,646.640124049969
35.72311162436381,9.150000000000006,644.456431362778
34.301277845399454,9.049999999999997,642.2825362142175
32.89003797061741,8.950000000000003,640.1288077319041
31.49452443642076,8.849999999999994,637.9985020970926
30.117697133449838,8.75,635.8746596546844
28.764116895152256,8.650000000000006,633.7799554280937
27.433870501001365,8.549999999999997,631.7142790434882
26.137069658841938,8.5,629.6698241913691
24.862736954702996,8.450000000000003,627.6435139346868
23.620859229238704,8.400000000000006,625.632868502289
22.40584766655229,8.349999999999994,623.638290992938
21.21364559128415,8.299999999999997,621.6739583062008
20.046358428895473,8.25,619.7222386095673
18.901631181011908,8.200000000000003,617.7761223949492
17.780599616700783,8.150000000000006,615.8448300128803
16.691453325678594,8.099999999999994,613.9131048517302
15.632399889291264,8.049999999999997,611.9910337738693
14.603376104263589,8.0,610.0755086187273
13.602567699621432,8.0,608.1560831824318
12.622153184958734,8.0,606.2446870869026
11.674324492923915,8.0,604.3310874495655
10.7618306807708,8.0,602.4154153317213
9.874426335212775,8.0,600.4884947976097
9.028736194595695,8.0,598.5685384459794
8.21507744374685,8.0,596.6634667171165
7.4371419795788825,8.0,594.7737505212426
6.693736519780941,8.0,592.8745196620002
5.9863340890733525,8.0,590.9876496642828
5.320997041882947,8.0,589.1067474577576
4.689403704483993,8.0,587.2298654336482
4.085255063022487,8.0,585.3487444091588
3.51429323409684,8.0,583.4772999063134
2.975617571733892,8.0,581.6094209589064
2.4655337925069034,8.0,579.7567343879491
2.0015471117803827,8.0,577.8992791064084
1.5738717424683273,8.0,576.0590703692287
1.198316951515153,8.0,574.2247918155044
0.8674771361984313,8.0,572.3984981309623
0.5900145329069346,8.0,570.5708185387775
0.36226406635250896,8.0,568.7611492881551
0.18459705472923815,8.049999999999997,566.9304250599816
0.06488857686053962,8.099999999999994,565.1064505511895
0.005275654955767095,8.150000000000006,563.2907952088863
0.0,8.200000000000003,561.4835279537365
0.04979694040957838,8.25,559.6663410281762
0.15846136503387243,8.299999999999997,557.8609049441293
0.32437679322902113,8.349999999999994,556.0649881223217
0.5525452266447246,8.400000000000006,554.2644205493852
0.8402898096246645,8.450000000000003,552.4727232959121
1.1874022331321612,8.5,550.6948893396184
1.5933045154670253,8.549999999999997,548.915930993855
2.0607895286520943,8.599999999999994,547.1535158660263
2.5849477651063353,8.650000000000006,545.3973971446976
3.169733005343005,8.700000000000003,543.659257536754
3.811189920292236,8.75,541.927636327222
4.513423893600702,8.799999999999997,540.2169920448214
5.278247662703507,8.849999999999994,538.5262280637398
6.103149745729752,8.900000000000006,536.8462249794975
6.988632793305442,9.0,535.2022919040173
7.939303202670999,9.099999999999994,533.5755944345146
8.950189021532424,9.150000000000006,531.9761962406337
10.007300942670554,9.200000000000003,530.4133181935176
11.130876330425963,9.25,528.8812257582322
12.304713507299311,9.299999999999997,527.3743621548638
13.525842082453892,9.349999999999994,525.9111298229545
14.801402693730779,9.400000000000006,524.4669414656237
16.130506774876267,9.450000000000003,523.0810806155205
17.509584062267095,9.5,521.7364289499819
18.934012010344304,9.549999999999997,520.4187461733818
20.394725405611098,9.599999999999994,519.1455022823066
21.894162819138728,9.650000000000006,517.9122755695134
23.430400490527973,9.700000000000003,516.7118377359584
25.00296985229943,9.75,515.5377480313182
26.615029364591464,9.799999999999997,514.3929152712226
28.253885987680405,9.849999999999994,513.273806065321
29.918098350288346,9.900000000000006,512.165981371887
31.609834180329926,9.950000000000003,511.0903229210526
33.33999902708456,10.0,510.02449072152376
35.086602746509016,10.0,508.978868002072
36.867276393575594,10.0,507.93982104118913
38.67346787324641,10.0,506.9251565327868
40.500974591239356,10.0,505.9219690877944
42.351975538767874,10.0,504.9613514812663
44.24402490525972,10.0,504.00491897482425
46.15400894486811,10.0,503.0521696712822
48.08490539295599,10.0,502.0954671278596
50.029187572188675,10.0,501.16516723670065
51.99743676465005,10.0,500.24802872538567
53.98648233851418,10.049999999999997,499.3428075555712
56.012615367304534,10.099999999999994,498.43108774349093
58.05199884332251,10.150000000000006,497.52901036664844
60.10525864106603,10.200000000000003,496.63325034826994
62.173181964084506,10.25,495.74192664958537
64.26383857545443,10.299999999999997,494.84444337990135
66.37614046980161,10.349999999999994,493.9485618080944
68.50449788942933,10.400000000000006,493.0547960149124
70.63873584195971,10.450000000000003,492.1560793183744
72.76454080606345,10.5,491.23543675336987
74.87728605757002,10.549999999999997,490.30271247029305
76.98831964225974,10.599999999999994,489.3690883265808
79.09000259649474,10.650000000000006,488.40975796990097
81.17287895013578,10.700000000000003,487.42509617935866
83.24112538667396,10.75,486.4197950158268
85.2961743803462,10.799999999999997,485.3977495525032
87.32899961841758,10.849999999999994,484.35933769959956
89.3390427287668,10.900000000000006,483.28690815344453
91.32830118702259,10.950000000000003,482.1893546069041
93.28430076746736,11.0,481.0684725837782
95.22317271318752,11.0,479.9277097461745
97.14598721556831,11.0,478.7617464531213
99.04608919424936,11.0,477.57575046736747
100.92229979392141,10.950000000000003,476.37814828567207
102.77698795765173,10.900000000000006,475.1622979035601
104.60569876839872,10.849999999999994,473.93804470077157
106.41153706354089,10.799999999999997,472.715622340329
108.1909535365412,10.75,471.4985564686358
109.9523448679829,10.700000000000003,470.266819562763
111.68294633424375,10.650000000000006,469.0384093541652
113.39175193558913,10.599999999999994,467.8056224314496
115.07731134130154,10.549999999999997,466.56700531672686
116.73397806740832,10.5,465.3190760174766
118.35272007703315,10.450000000000003,464.0629892786965
119.94968730281107,10.400000000000006,462.7996402140707
121.50673641834874,10.349999999999994,461.51868503913283
123.03454781475011,10.299999999999997,460.2051074495539
124.52830980473664,10.25,458.8705260204151
125.98979875305668,10.200000000000003,457.50707353744656
127.41551085049286,10.150000000000006,456.1120606055483
128.8066841106629,10.099999999999994,454.68072374816984
130.15653683897108,10.049999999999997,453.22377920988947
131.4616149776848,9.950000000000003,451.72000283468515
132.72800503997132,9.900000000000006,450.1832017637789
133.95201122260187,9.849999999999994,448.6016951072961
135.1304563859012,9.799999999999997,446.97512661200017
136.26024099357892,9.75,445.316015294753
137.34885858988855,9.700000000000003,443.610320430249
138.39766766224056,9.650000000000006,441.87203652597964
139.40432114701252,9.599999999999994,440.10480901040137
140.37869499903172,9.549999999999997,438.3095980864018
141.3218797398731,9.5,436.4783095559105
142.23696575628128,9.450000000000003,434.6114099929109
143.1133245701203,9.400000000000006,432.71681274380535
143.95153841003776,9.349999999999994,430.78542098682374
144.76779282896314,9.299999999999997,428.8250114535913
145.5403611913789,9.25,426.8216624390334
146.28561858844478,9.200000000000003,424.7924751145765
146.99926198238973,9.150000000000006,422.72654106933624
147.67178327252623,9.099999999999994,420.6313378959894
148.3005976700224,9.049999999999997,418.51949937082827
148.89057378575671,9.0,416.3716381127015
149.44139364978764,9.0,414.1959649492055
149.95617689518258,8.950000000000003,411.98895108141005
150.4427305596182,8.900000000000006,409.7524294955656
150.89331376668997,8.849999999999994,407.49899621121585
151.30826882005204,8.799999999999997,405.21711089927703
151.6853174918797,8.75,402.91275026649237
152.03138575772755,8.700000000000003,400.5789727382362
152.34707084554248,8.650000000000006,398.2281024316326
152.6361150793964,8.599999999999994,395.8537294091657
152.89213020715397,8.549999999999997,393.44803767092526
153.12144347082358,8.5,391.02716691605747
153.32035335921682,8.450000000000003,388.5802131416276
153.4921343169408,8.400000000000006,386.10597945190966
153.6419826252386,8.299999999999997,383.62248406838626
153.75970146153122,8.200000000000003,381.11389192193747
153.86081092478707,8.099999999999994,378.58497819676995
153.95122833817732,8.0,376.0374510642141
154.04353740205988,7.900000000000006,373.4780620066449
154.1389650076162,7.799999999999997,370.8918365361169
154.24742437817622,7.700000000000003,368.2863944862038
154.3506183983991,7.599999999999994,365.6723677581176
154.47414079937153,7.549999999999997,363.02852297760546
154.61177026142832,7.450000000000003,360.3946595173329
154.7715055178851,7.349999999999994,357.758183253929
154.95357269316446,7.25,355.12342440057546
155.16479648300447,7.150000000000006,352.48554944153875
155.39523174171336,7.049999999999997,349.8530316706747
155.65029974654317,6.950000000000003,347.2249118927866
155.92249752639327,6.849999999999994,344.5930329859257
156.23061491991393,6.75,341.96163915097713
156.55597304727416,6.650000000000006,339.3348111556843
156.89581037603784,6.549999999999997,336.7258474174887
157.2582934780512,6.450000000000003,334.12270998675376
157.63436683290638,6.400000000000006,331.51800728496164
158.02783579053357,6.349999999999994,328.92020232696086
158.43367626168765,6.25,326.3346967641264
158.85176492540631,6.150000000000006,323.76659517083317
159.26566552417353,6.049999999999997,321.2071200488135
159.67264435708057,5.950000000000003,318.6540315989405
160.07184066832997,5.849999999999994,316.0957806929946
160.45433639036492,5.75,313.5414030831307
160.81632048019674,5.650000000000006,310.9832126311958
161.14772703056224,5.599999999999994,308.42268945183605
161.44344107969664,5.549999999999997,305.8659004466608
161.69630330207292,5.5,303.3046910036355
161.90072619228158,5.450000000000003,300.73924217000604
162.05920753849205,5.400000000000006,298.1687953155488
162.16716178623028,5.349999999999994,295.59753442183137
162.22934336436447,5.299999999999997,293.04513930901885
162.24639407370705,5.25,290.48264663107693
162.20159370964393,5.200000000000003,287.90482843853533
162.1133711169241,5.150000000000006,285.33002186752856
161.9825240620412,5.099999999999994,282.75490309484303
161.80842191679403,5.049999999999997,280.17169830203056
161.59253833210096,5.0,277.5904072681442
161.34164133027662,5.0,275.00220047403127
161.04451199737377,5.0,272.4134330963716
160.7025583734503,5.0,269.8313297154382
160.32197375246324,5.0,267.2433939818293
159.90344640251715,5.0,264.6495199529454
159.44888128782623,5.0,262.05948859266937
158.951298822416,5.0,259.4758015256375
158.41217230202165,5.0,256.8850399265066
157.8219582149759,4.950000000000003,254.31121844332665
157.189834289602,4.900000000000006,251.73331646434963
156.51355697168037,4.849999999999994,249.16430323943496
155.80965228786226,4.799999999999997,246.58898337744176
155.0754315663362,4.75,244.02243165764958
154.30118008411955,4.700000000000003,241.4533670814708
153.4892479541013,4.650000000000006,238.88946510013193
152.64433808915783,4.599999999999994,236.33397882711142
151.77569527365267,4.549999999999997,233.78020567446947
150.87224989267997,4.5,231.22584481164813
149.95274345518555,4.450000000000003,228.67003459576517
149.02219562605023,4.400000000000006,226.13145788758993
148.07403539388906,4.349999999999994,223.5685568144545
147.11926549836062,4.299999999999997,221.00449758954346
146.1619751463877,4.25,218.4441936649382
145.20252819766756,4.200000000000003,215.89663778524846
144.2237675251672,4.150000000000006,213.34583294391632
143.24455923505593,4.099999999999994,210.8091205311939
142.26986168022268,4.049999999999997,208.2900884868577
141.30344716622494,4.0,205.78998530562967
140.34842407458927,4.0,203.30683594662696
139.39690794725902,4.0,200.8493507821113
138.461954126833,4.0,198.4068594938144
137.5387052751612,3.950000000000003,195.99719568900764
136.63941587787122,3.9000000000000057,193.60169199388474
135.75417780375574,3.8499999999999943,191.23548130691051
134.895904603065,3.799999999999997,188.88378568645567
134.06301106628962,3.75,186.56357477791607
133.25492590444628,3.700000000000003,184.25897301360965
132.47893514239695,3.6500000000000057,181.97258646599948
131.7320690038614,3.5999999999999943,179.7109417077154
131.02572082111146,3.549999999999997,177.46735182963312
130.35059413255658,3.5,175.23209275491536
129.71723896858748,3.450000000000003,173.00801641866565
129.12999123590998,3.4000000000000057,170.78982709441334
128.5776947112754,3.3499999999999943,168.56356952432543
128.0738658128539,3.299999999999997,166.3377777794376
127.60885862924624,3.25,164.10350214969367
127.18322212540079,3.200000000000003,161.85619611199945
126.79117477848195,3.1500000000000057,159.61080080550164
126.4340501910774,3.0999999999999943,157.37298640981317
126.14468748646323,3.049999999999997,155.11802084371448
125.90143187739886,3.0,152.85728841554374
125.7156406478025,3.0,150.61251503322273
125.5847685552435,3.0,148.35571292694658
125.50524572026916,3.0,146.10494710877538
125.48873959365301,3.0,143.8513129008934
125.53606963064522,3.0,141.6120195351541
125.64707816264126,3.0,139.3616494629532
125.8110252773622,3.0,137.11155590135604
126.02288519684225,3.0,134.86736248619854
126.2795960472431,3.0,132.6129534561187
126.5793861404527,3.0,130.36729490570724
126.92580658115912,3.0,128.12663921993226
127.31729933491442,3.0,125.88076403923333
127.76549270213582,3.0,123.63785666041076
128.26230484351981,3.0,121.3748832885176
128.80801404558588,3.0,119.1360194478184
129.40522952959873,3.0,116.9053018791601
130.03784580423962,3.0,114.69915000814945
130.7364213054534,3.0,112.51090624462813
131.50640719849616,3.0,110.35903461650014
132.33528047869913,3.0,108.21669521555305
133.2262434771983,3.0,106.09256861452013
134.167713081697,3.0,103.99578209314495
135.15484871109948,3.0,101.9066552426666
136.2006801479729,3.0,99.8532526101917
137.299960689852,3.0,97.81267214473337
138.45475576724857,3.0,95.80801462754607
139.66423751809634,3.049999999999997,93.84671025909483
140.92342173692305,3.0999999999999943,91.91695777885616
142.23510459589306,3.1500000000000057,90.0242161238566
143.59991206414998,3.200000000000003,88.16516024526209
145.01686552003957,3.25,86.3443335397169
146.48455563560128,3.299999999999997,84.57815203536302
147.9894088100409,3.3499999999999943,82.83066703379154
149.55245682341047,3.4000000000000057,81.12866984587163
151.15843453397974,3.450000000000003,79.45595536194742
152.80074865114875,3.5,77.83267526142299
154.49678822176065,3.549999999999997,76.24319652281702
156.22121135354973,3.5999999999999943,74.67423693276942
157.99202510516625,3.6500000000000057,73.14313162863255
159.80185723514296,3.6500000000000057,71.65903870202601
161.66152402956504,3.6500000000000057,70.21193743683398
163.5549582191743,3.6500000000000057,68.80126622971147
165.49053892854135,3.6500000000000057,67.4212040817365
167.46455186756793,3.6500000000000057,66.08604135084897
169.4990022003185,3.6500000000000057,64.79527332726866
171.56582618120592,3.6500000000000057,63.543478013947606
173.671873693238,3.5999999999999943,62.33414626400918
175.8219119970454,3.549999999999997,61.16176360286772
178.0080040752655,3.450000000000003,60.01872469019145
180.2236014987575,3.3499999999999943,58.90731234382838
182.47616816847585,3.25,57.81759229302406
184.74912063975353,3.1500000000000057,56.7725287033245
187.06647590664215,3.049999999999997,55.75509433448315
189.41768600046635,2.950000000000003,54.7738690469414
191.79434299177956,2.8499999999999943,53.81513965688646
194.20566726545803,2.700000000000003,52.887297904118896
196.62579339894,2.549999999999997,51.966402696445584
199.08176743786316,2.4000000000000057,51.067746713757515
201.55965564982034,2.25,50.16936310380697
204.04340101836715,2.1500000000000057,49.281012187711895
206.5517339076614,2.049999999999997,48.37996760010719
209.06354946969077,1.9500000000000028,47.449426365084946
211.59169981221203,1.7999999999999972,46.48304535634816
214.1139050417114,1.6500000000000057,45.50707655772567
216.63740336697083,1.5,44.495490696281195
219.17147071671207,1.3499999999999943,43.472551302053034
221.69967274588998,1.2000000000000028,42.429147811606526
224.24756524933036,1.0499999999999972,41.384557648561895
226.79331550560892,0.9500000000000028,40.315757079049945
229.34149962139782,0.8499999999999943,39.24331255815923
231.89397148333956,0.75,38.14881356805563
234.43235855642706,0.6500000000000057,37.041337431408465
236.97748867759947,0.5499999999999972,35.92858411651105
239.50585933274124,0.45000000000000284,34.80427687894553
242.0468564440962,0.3499999999999943,33.6810619616881
244.58062356337905,0.29999999999999716,32.547694872133434
247.10373336472549,0.25,31.414472406730056
249.63579170580488,0.20000000000000284,30.268219728954136
252.16606480965856,0.15000000000000568,29.119402036070824
254.67969055566937,0.09999999999999432,27.978898169472814
257.19847014232073,0.04999999999999716,26.83887687511742
259.69774030172266,0.0,25.710700028575957
262.19629644206725,0.0,24.597946162335575
264.6672436691588,0.0,23.499862998723984
267.1377757531591,0.0,22.39989075716585
269.5769465005724,0.0,21.32233085297048
272.02046014822554,0.0,20.27377161756158
274.4338208223926,0.0,19.23520281817764
276.83944602124393,0.0,18.220218578353524
279.2203718647361,0.0,17.198172505013645
281.5938937407918,0.0,16.22479683626443
283.95612967421766,0.0,15.278642257675529
286.3117875632597,0.0,14.338877454400063
288.64253218262456,0.0,13.432893013581634
290.953194830101,0.0,12.558171641081572
293.2437461700756,0.0,11.695290089584887
295.49026324995793,0.0,10.871819881722331
297.7375473245047,0.0,10.061008656397462
299.95729823131114,0.04999999999999716,9.289618887007236
302.182231534156,0.09999999999999432,8.549899565055966
304.39044208300766,0.15000000000000568,7.828704185783863
306.581577881705,0.20000000000000284,7.1505586467683315
308.743216508301,0.25,6.47497184202075
310.8761524357833,0.29999999999999716,5.845901090651751
313.0137252799468,0.3499999999999943,5.240838525816798
315.10694379219785,0.4000000000000057,4.683619897812605
317.1892071061302,0.45000000000000284,4.143635607324541
319.2531393368263,0.5,3.653906097635627
321.2785888208309,0.5499999999999972,3.184871352277696
323.2857035394991,0.5999999999999943,2.7548814676702023
325.24219796829857,0.6500000000000057,2.3599256724119186
327.1896204004297,0.7000000000000028,1.9832168631255627
329.09993732045405,0.75,1.6502984780818224
330.9823851137189,0.7999999999999972,1.3322703000158072
332.83612542110495,0.8499999999999943,1.0496590537950397
334.6593836500542,0.9000000000000057,0.7983451001346111
336.4632084564073,0.9500000000000028,0.5835150685161352
338.23985107941553,1.0,0.3953450098633766
339.9820806775242,1.0,0.24710042774677277
341.7039689492667,1.0499999999999972,0.1302275639027357
343.4103826164501,1.0999999999999943,0.04909072536975145
345.079810707015,1.1500000000000057,0.007083485834300518
346.72895724419504,1.2000000000000028,0.0
348.346564144711,1.25,0.027757530100643635
349.929625334451,1.2999999999999972,0.06669338047504425
351.48505684081465,1.3499999999999943,0.14638133998960257
353.00160159985535,1.4000000000000057,0.24320906773209572
354.5043993728468,1.4500000000000028,0.3745645359158516
355.9488311888417,1.5,0.5072671789675951
357.36267595074605,1.5499999999999972,0.6738188257440925
358.7463089124067,1.5999999999999943,0.8582398453727365
360.10061474354006,1.6500000000000057,1.0570960761979222
361.410084379022,1.7000000000000028,1.2757119620218873
362.6998515620362,1.75,1.5205985624343157
363.9366191070294,1.7999999999999972,1.7850737879052758
365.14243509003427,1.8499999999999943,2.0745161417871714
366.3028140895767,1.9000000000000057,2.3836026657372713
367.43026111496147,1.9500000000000028,2.729850484058261
368.52030865312554,2.0,3.1013509510084987
369.5910738738021,2.0,3.5121108144521713
370.64319178520236,2.0,3.9575841976329684
371.6706683746306,2.0,4.4230765253305435
372.6776102351723,2.0,4.922824528999627
373.6503086683806,2.0,5.45106699783355
374.59323523938656,2.0,6.0191576378419995
375.50451722193975,2.0,6.624640920199454
376.38261286437046,2.0,7.278493380174041
377.21329267846886,2.0,7.963962089270353
378.0009556101868,2.0,8.702278213575482
378.74750239483546,2.0,9.468705237843096
379.44353735866025,2.0,10.27871248498559
380.0853727182839,2.0,11.142927746288478
380.6682410549838,2.0,12.031792961992323
381.1856226451928,2.0,12.990432580932975
381.63621104951017,2.0,13.974441510625184
382.023484917474,2.0,14.989949692040682
382.3583085205173,2.0,16.032153493724763
382.6405581390718,2.0,17.094503667205572
382.86168393527623,2.0,18.170943953096867
383.0262075139908,2.0,19.27771193999797
383.1400407893816,2.0,20.3822204163298
383.1843908071751,2.0,21.515630016103387
383.1759309085319,2.0,22.65453372336924
383.1153910661815,2.0,23.793165498413146
382.9875962382648,2.0,24.938184070400894
382.79571206949186,2.0,26.07984571903944
382.5327712511644,2.0,27.230640939436853
382.2000139824813,2.0,28.362165751866996
381.8134401687421,2.0,29.49584763403982
381.3634730960475,2.0,30.601649235002697
380.8480932044331,2.0,31.6970919277519
380.26143900479656,2.0,32.76115577016026
379.6254779853625,2.0,33.82186044752598
378.9195328677306,2.0,34.86273861117661
378.1614444516599,2.0,35.87692915927619
377.34704172587954,2.0,36.858962995000184
376.4713880934287,2.0,37.82567412592471
375.5456445015734,2.0,38.7552798492834
374.5605379715562,2.0,39.65825594123453
373.53450323897414,2.0,40.552163167856634
372.46079356060363,2.0,41.396108109503984
371.3252847569529,2.0,42.19409354031086
370.1529935055878,2.0,42.99191973544657
368.96153702388983,2.0,43.778062398545444
367.70825750834774,2.0,44.54488272592425
366.4254737108713,2.0,45.291841379366815
365.10720527137164,2.0,46.0257757185027
363.7576691934373,2.0,46.75759364850819
362.3738570503192,2.0,47.46396544855088
360.95930595940445,2.0,48.166448939591646
359.5087801851332,2.0,48.864117748104036
358.03031935798936,2.0,49.55059363786131
356.52816740318667,2.0,50.23312207777053
354.98551486467477,2.0,50.91857183352113
353.42053267371375,2.0,51.61362480185926
351.83405953343026,2.0,52.30940806120634
350.2198524023406,2.0,53.01342297997326
348.58449218724854,2.0,53.74236623477191
346.93759364809375,2.0,54.47433273028582
345.25610023143236,2.0,55.224247517995536
343.5650590987643,2.0,56.01038581319153
341.86032501235604,2.0,56.81207326799631
340.1324393328978,2.0,57.641671133227646
338.3973589760717,2.0,58.50307027157396
336.64746476430446,2.0,59.39221911877394
334.894650845672,2.0,60.316197351552546
333.12656000233255,2.0,61.27247244305909
331.34954438824207,2.0,62.262089962139726
329.5701992987888,2.0,63.288095058873296
327.77167228609324,2.0,64.33982001803815
325.97974042850547,2.0,65.4297739379108
324.1739340447821,2.0,66.56002623494714
322.3589880630607,2.0,67.70608319714665
320.53198128927033,2.0,68.89123100042343
318.7011480242945,2.0,70.1059851013124
316.8605304546654,2.0,71.34242154937238
315.019092202303,2.049999999999997,72.6204731548205
313.15741733054165,2.0999999999999943,73.92745561245829
311.3006374287652,2.1500000000000057,75.25844800751656
309.4201129646972,2.200000000000003,76.61623672768474
307.54471642989665,2.25,78.01313156448305
305.65616501681507,2.299999999999997,79.42258296534419
303.7608193834312,2.3499999999999943,80.85618046019226
301.85482410050463,2.4000000000000057,82.3239957196638
299.95446356595494,2.450000000000003,83.80872308742255
298.0221675854409,2.5,85.32384932413697
296.0959157095058,2.5999999999999943,86.8586654048413
294.16608650120907,2.700000000000003,88.42431054078043
292.2218008686323,2.799999999999997,89.99251375254244
290.2699684792897,2.9000000000000057,91.59373666811734
288.3139747794485,3.0,93.21168880909681
286.36894208937883,3.0999999999999943,94.83516033738852
284.4402344262926,3.200000000000003,96.45930711179972
282.5115524183493,3.299999999999997,98.09177869744599
280.592100422713,3.450000000000003,99.70800316054374
278.68457551510073,3.5999999999999943,101.33863316848874
276.7774383329088,3.700000000000003,102.96338407788426
274.8812397479778,3.799999999999997,104.60841566696763
272.9979844324989,3.9000000000000057,106.25820421706885
271.1330152124865,4.0,107.91079113446176
269.2870623206254,4.099999999999994,109.54864555038512
267.4546880518319,4.25,111.19836483802646
265.6473367945291,4.400000000000006,112.83461655303836
263.84827750874683,4.549999999999997,114.47703389916569
262.0914214932127,4.700000000000003,116.10710859950632
260.346163787297,4.849999999999994,117.73782373033464
258.643425740418,4.950000000000003,119.34820730984211
256.9710033646552,5.049999999999997,120.96169937122613
255.31697686144616,5.150000000000006,122.5630070026964
253.70115348463878,5.25,124.14661507867277
252.1075753220357,5.400000000000006,125.74392729252577
250.54051149298903,5.549999999999997,127.33532995171845
248.99299494177103,5.700000000000003,128.93331365287304
247.4710262088338,5.849999999999994,130.5282663879916
245.96412619028706,5.950000000000003,132.13109915237874
244.48497578594834,6.049999999999997,133.73535662144423
243.02694519911893,6.150000000000006,135.3544197799638
241.5853272593813,6.25,136.96217175386846
240.17905329179484,6.349999999999994,138.59049414563924
238.81550614000298,6.450000000000003,140.22878616862
237.49895581661258,6.599999999999994,141.8807417443022
236.20997722749598,6.700000000000003,143.5700809545815
234.96007043484133,6.799999999999997,145.275578295812
233.74193363124505,6.900000000000006,147.00850104540586
232.5654548651073,7.0,148.75649097468704
231.4091016644379,7.099999999999994,150.52593849040568
230.28965839953162,7.200000000000003,152.32506883703172
229.21623885759618,7.299999999999997,154.1416290923953
228.18908454256598,7.400000000000006,155.97784078214318
227.20395519060548,7.5,157.83766838349402
226.2737695821561,7.549999999999997,159.72908681072295
225.39578451332636,7.549999999999997,161.63942321855575
224.55927289638203,7.549999999999997,163.57825494837016
223.75664387305733,7.549999999999997,165.51422752439976
223.00763604708482,7.549999999999997,167.48633169941604
222.30914000119083,7.549999999999997,169.4732348350808
221.63320404209662,7.549999999999997,171.47772866953164
221.02050424949266,7.549999999999997,173.49633781891316
220.44605931302067,7.549999999999997,175.53698127809912
219.91964930319227,7.5,177.59029671456665
219.4399265353568,7.400000000000006,179.66426541656256
218.9833135283552,7.299999999999997,181.75116728432477
218.56964113446884,7.200000000000003,183.86568722408265
218.1879768826766,7.099999999999994,185.99853301793337
217.83965669048484,7.0,188.15504190977663
217.5220159724122,6.900000000000006,190.32354055065662
217.2400880777277,6.799999999999997,192.5208251317963
216.97823972126935,6.700000000000003,194.7457821322605
216.7520837986376,6.599999999999994,197.00229963380843
216.5445931352442,6.5,199.26838802918792
216.3649154829327,6.400000000000006,201.56231652759016
216.20110343396664,6.349999999999994,203.8725657016039
216.05399700440466,6.25,206.22522404696792
215.92686353903264,6.200000000000003,208.58491013292223
215.8147123521194,6.150000000000006,210.9758938876912
215.71232405351475,6.099999999999994,213.39502936322242
215.61829710158054,6.049999999999997,215.83420411031693
215.54313482961152,6.0,218.27917759492993
215.48670396453235,5.950000000000003,220.77156959474087
215.4279980752617,5.950000000000003,223.26949435845017
215.38572912069503,5.950000000000003,225.78785056527704
215.3408308053622,5.950000000000003,228.313179791905
215.3235857578693,5.950000000000003,230.82949970662594
215.29649427044205,5.950000000000003,233.35251775290817
215.28069548495114,5.950000000000003,235.87084608525038
215.27613406116143,5.950000000000003,238.39203153084964
215.28494701487944,5.950000000000003,240.91764360107481
215.30417467700318,5.950000000000003,243.4059288483113
215.33508380758576,5.950000000000003,245.8716580569744
215.37312607339118,5.950000000000003,248.29049135930836
215.42888651008252,6.0,250.68392717372626
215.4999481085688,6.049999999999997,253.02997202333063
215.58843292470556,6.150000000000006,255.34395790379494
215.69646250468213,6.200000000000003,257.62956299446523
215.8147616966162,6.25,259.87417757418007
215.94723069050815,6.299999999999997,262.085044503212
216.0916977765737,6.349999999999994,264.25360173080117
216.25840421381872,6.400000000000006,266.40134515985847
216.44621229183394,6.450000000000003,268.5076225521043
216.64984945382457,6.5,270.5882666371763
216.8621136203874,6.549999999999997,272.6292400378734
217.078980112914,6.599999999999994,274.64028024859726
217.3012612380553,6.650000000000006,276.5926471585408
217.52525246399455,6.700000000000003,278.4992992794141
217.76077381358482,6.75,280.36885473970324
218.00504390592687,6.799999999999997,282.19385690800846
218.25264794344548,6.849999999999994,283.9743770714849
218.511645213468,6.900000000000006,285.7130270572379
218.7773046627408,6.950000000000003,287.39867331273854
219.04066632012837,7.0,289.0577764417976
219.31685998267494,7.0,290.65459802374244
219.59451164945494,7.0,292.20492604747415
219.8787597635528,7.0,293.73465855885297
220.16393138258718,7.0,295.1970277223736
220.45932504709344,7.0,296.6366081815213
220.7589445831254,7.0,298.0272736279294
221.06279211689252,7.0,299.38045591209084
221.3818363774335,7.0,300.67703441902995
221.72628926800098,7.0,301.9425004394725
222.07978859520517,7.0,303.15797691140324
222.464547520387,7.0,304.3413849072531
222.8773603605805,7.0,305.49625256005675
223.31862618983723,7.0,306.6150355702266
223.79463395045605,7.0,307.7190898898989
224.3061459918972,7.049999999999997,308.7982101542875
224.86145886790473,7.099999999999994,309.83436604961753
225.45377109828405,7.150000000000006,310.8409373415634
226.07895693555474,7.200000000000003,311.818004777655
226.74240381328855,7.25,312.7575056934729
227.46059303497896,7.299999999999997,313.650348899886
228.224109567469,7.349999999999994,314.50301369838417
229.0388393694302,7.400000000000006,315.30977185908705
229.903755278443,7.450000000000003,316.07006091810763
230.8231010476593,7.5,316.76770766545087
231.77678770117927,7.549999999999997,317.4115548785776
232.77393828972708,7.599999999999994,317.99978266563267
233.80253041454125,7.650000000000006,318.54284680075943
234.86976629460696,7.700000000000003,319.0196012714878
235.9594069874147,7.75,319.4412478469312
237.08329409558792,7.799999999999997,319.7985503291711
238.23163340240717,7.849999999999994,320.0911039374769
239.39872340194415,7.900000000000006,320.31120863649994
240.58020057762042,7.950000000000003,320.4679335029796
241.77163862704765,8.0,320.5554746631533
242.97905227995943,8.0,320.57398723158985
244.1909412703244,8.0,320.53304287139326
245.39343612547964,8.0,320.42543656751513
246.59872628946323,8.0,320.241379737854
247.79366894590203,8.0,319.9917638525367
248.99196745362133,8.0,319.683015787974
250.160380948917,8.0,319.31267191376537
251.31837003969122,8.0,318.87554752640426
252.43845281936228,8.0,318.3807640513405
253.5561496927403,8.0,317.8129326645285
254.63549677305855,8.0,317.1893257200718
255.69768929935526,8.0,316.51431628502905
256.7323106940603,8.0,315.7786158574745
257.7368961344473,8.0,314.990197529085
258.7028536731377,8.0,314.14877627044916
259.64905463624746,8.0,313.27091686427593
260.56304401694797,8.0,312.3557509901002
261.4487805730896,8.0,311.4025307632983
262.32422573305666,8.0,310.41127698495984
263.1757853369927,8.0,309.3841096730903
264.00837646774016,8.0,308.3185121556744
264.8302950168727,8.0,307.2199837565422
265.6269066197565,8.0,306.09185772947967
266.4072162176017,8.0,304.9249880844727
267.1823938963935,8.0,303.74309737887233
267.9480544552207,8.0,302.52306778356433
268.7026710115606,8.0,301.27387817483395
269.46329760807566,8.0,300.00209104735404
270.2213911473518,8.0,298.70076240599155
270.9797268531984,8.0,297.38989058788866
271.74428440677,8.0,296.050984358415
272.5068330966169,8.0,294.693084390834
