49.99981,0.7395228,49.99999
49.94209,0.7390832,52.00131
49.7627,0.7390876,54.03973
49.52583,0.7398846,56.10168
49.23514,0.7395526,58.10136
48.86014,0.7389784,60.11177
48.35437,0.7385742,62.16516
47.72786,0.7396638,64.21379
46.99856,0.7381189,66.21198
46.18017,0.7385802,68.12859
45.21663,0.739738,70.10199
44.28128,0.7408966,71.8932
43.33951,0.7375864,73.66248
42.39265,0.7406698,75.43081
41.44699,0.7426733,77.20056
40.50599,0.7380763,78.97259
39.58758,0.7399657,80.75866
38.73984,0.7409727,82.58838
38.03236,0.7394282,84.47678
37.51144,0.737131,86.42351
37.18737,0.7380409,88.40696
37.00739,0.7415962,90.42065
36.88235,0.7413735,92.44375
36.78035,0.7389436,94.46638
36.72513,0.7398577,96.48596
36.7909,0.740378,98.49245
37.03111,0.7381706,100.4873
37.46736,0.7382818,102.4485
38.10154,0.7380754,104.3541
38.93053,0.7385358,106.1803
39.95427,0.7379822,107.9041
41.19241,0.7364076,109.4792
42.65694,0.7359717,110.8509
44.31221,0.737778,111.9781
46.3086,0.7375054,112.8917
48.43384,0.7370796,113.4466
50.62365,0.7351679,113.6234
52.81443,0.7365841,113.4277
54.75191,0.7381527,112.9248
56.58722,0.7372797,112.125
58.41877,0.7369031,110.9155
60.00946,0.7389701,109.3986
61.31336,0.7373748,107.6326
62.28154,0.7370595,105.6608
62.8882,0.7359771,103.5513
63.12494,0.7351168,101.5607
63.07223,0.737644,99.55287
62.78824,0.7375959,97.56195
62.38725,0.7407807,95.58582
61.95838,0.7417441,93.61734
61.52152,0.7391221,91.64468
61.08809,0.7400011,89.67336
60.65963,0.7401761,87.71069
60.234,0.7398237,85.74624
59.81506,0.7408375,83.77128
59.40486,0.7392781,81.79652
59.01895,0.7396486,79.81514
58.69033,0.7400742,77.83179
58.42423,0.7391519,75.83949
58.20066,0.7405563,73.84654
58.00051,0.7398646,71.83698
57.82596,0.7406705,69.82578
57.69073,0.7388802,67.80864
57.60998,0.7398235,65.79379
57.57304,0.7404534,63.77475
57.55513,0.7406452,61.76306
57.5479,0.7393532,59.76139
57.57967,0.7397071,57.74281
57.70951,0.7397525,55.73747
57.99332,0.7345626,53.75104
58.38371,0.7403523,51.7742
58.78635,0.742743,49.80054
59.14987,0.7393934,47.81834
59.45049,0.7388418,45.82906
59.70934,0.7406479,43.8364
59.96661,0.7407262,41.8424
60.26254,0.7399125,39.85397
60.60732,0.7387329,37.87197
61.00449,0.7399356,35.90513
61.46268,0.7403343,33.95019
61.99081,0.7387425,32.00893
62.59671,0.7392802,30.08932
63.27606,0.7396333,28.19684
64.02914,0.7396078,26.33385
64.84803,0.7391323,24.50306
65.73603,0.7394032,22.70355
66.6969,0.7393334,20.94028
67.72721,0.7395841,19.21612
68.82507,0.7390903,17.53098
69.99147,0.7396371,15.88976
71.22352,0.7392001,14.29498
72.50989,0.7398334,12.74568
73.82635,0.7401724,11.21979
75.14687,0.7409447,9.706344
76.47358,0.7386934,8.188622
77.80154,0.7417408,6.665751
79.11639,0.7394992,5.14922
80.4305,0.7390791,3.636813
81.75122,0.7408517,2.121975
83.07932,0.7412708,0.5995962
84.40411,0.7390902,-0.9134808
85.73592,0.7385233,-2.427094
87.07259,0.7427921,-3.947501
88.40212,0.7397318,-5.4596
89.72879,0.7383236,-6.966852
91.03078,0.7411827,-8.497175
92.24792,0.7403309,-10.09282
93.31659,0.7372028,-11.79236
94.1766,0.7359089,-13.60608
94.79949,0.7377403,-15.5145
95.18518,0.7355229,-17.48386
95.32626,0.7395,-19.48877
95.20971,0.7355233,-21.49487
94.81849,0.7377101,-23.46406
94.14798,0.7370474,-25.35077
93.08444,0.7385147,-27.27322
91.70464,0.7379302,-28.98401
90.20314,0.7383412,-30.30753
88.50729,0.7378343,-31.38122
86.66852,0.7376913,-32.16841
84.73489,0.7345775,-32.69106
82.75108,0.7386072,-32.98849
80.74636,0.7431087,-33.15536
78.73922,0.7395953,-33.29176
76.72832,0.7391755,-33.4191
74.71898,0.7401625,-33.52312
72.7057,0.7409968,-33.58543
70.68399,0.7403895,-33.56343
68.67739,0.7386841,-33.41496
66.69238,0.7376668,-33.08397
64.76318,0.7386386,-32.54514
62.8905,0.7384542,-31.80186
61.11142,0.7383003,-30.86991
59.42966,0.7380398,-29.7674
57.84812,0.7401385,-28.51039
56.35524,0.7406799,-27.16164
54.91698,0.7391064,-25.75585
53.51804,0.7411607,-24.30844
52.14283,0.7395926,-22.82904
50.79343,0.7406641,-21.32475
49.49265,0.7397637,-19.792
48.27425,0.7390081,-18.19616
47.16422,0.7401887,-16.51885
46.17827,0.7390273,-14.75349
45.34076,0.7392705,-12.91615
44.66926,0.7380441,-11.0176
44.17583,0.7391319,-9.072491
43.86724,0.7386752,-7.087141
43.73511,0.7395116,-5.073618
43.72932,0.7403638,-3.06402
43.78164,0.7397711,-1.052444
43.85359,0.7413931,0.964423
43.92545,0.7399191,2.972532
43.99746,0.7388596,4.973911
44.0724,0.7404614,6.984402
44.15076,0.7419592,9.000417
44.24656,0.7382455,11.01243
44.37139,0.740308,13.02526
44.52043,0.7413814,15.02899
44.68945,0.7396053,17.03541
44.8691,0.7405332,19.034
45.05538,0.7387692,21.03596
45.24432,0.7418073,23.04447
45.43344,0.7399029,25.04235
45.62182,0.7386572,27.03418
45.81182,0.7409299,29.04135
46.00327,0.7416889,31.05286
46.19392,0.738341,33.05548
46.38279,0.7395525,35.05537
46.57335,0.7416795,37.0666
46.7674,0.7401465,39.07569
46.96041,0.7389306,41.08715
47.15493,0.7405908,43.09063
47.34911,0.7404173,45.08484
47.52886,0.7390091,47.08958
47.6482,0.7404701,49.10597
47.63045,0.735528,51.1177
47.43782,0.7360849,53.11416
47.13163,0.7414587,55.10773
46.79768,0.7426124,57.08997
46.45441,0.7378806,59.07689
46.10726,0.7404278,61.06977
45.7594,0.7407373,63.05209
45.39548,0.7394281,65.02686
44.99922,0.7397903,66.99852
44.54121,0.7397321,68.96503
44.00365,0.7391949,70.91445
43.40752,0.7394395,72.852
42.77251,0.7412005,74.77723
42.11757,0.7395999,76.69233
41.45421,0.7403646,78.60474
40.79421,0.7403989,80.50983
40.14156,0.7399311,82.40829
39.48878,0.7402335,84.30283
38.83132,0.74036,86.20181
38.17649,0.7404551,88.09878
37.5253,0.7396781,90.00232
36.89614,0.7409243,91.90768
36.31798,0.7400888,93.83745
35.86404,0.7395793,95.80162
35.62582,0.7369065,97.78903
35.68005,0.7357753,99.78874
36.03991,0.7369,101.7586
36.69311,0.7356972,103.6568
37.7407,0.7361555,105.5888
38.96402,0.7359282,107.1774
40.41309,0.7369546,108.5589
42.23891,0.7373355,109.7838
44.06053,0.7363794,110.6101
45.99201,0.7380871,111.149
47.98064,0.7365456,111.3819
50.17681,0.7347583,111.2693
52.13026,0.7370892,110.8374
53.99582,0.7376363,110.1132
55.73246,0.7381453,109.1162
57.30015,0.7377272,107.8721
58.66831,0.7361897,106.4071
59.79492,0.7391509,104.7537
60.65079,0.737181,102.9379
61.2258,0.7366163,101.0187
61.54271,0.7355599,99.03941
61.61108,0.7390525,97.03627
61.43223,0.737546,95.03632
61.05827,0.7385966,93.05697
60.61352,0.7416666,91.08648
60.22136,0.7387531,89.11692
60.04039,0.7321863,87.12009
60.10984,0.7359152,85.11157
60.29749,0.742131,83.10838
60.40941,0.7422588,81.10486
60.31942,0.7343357,79.10385
60.03286,0.7379021,77.11096
59.67172,0.7437751,75.13
59.30799,0.7401164,73.14993
58.95633,0.7376212,71.16364
58.61003,0.7408264,69.16969
58.2713,0.7413235,67.18208
57.9638,0.7383121,65.18609
57.72483,0.7393937,63.17924
57.54091,0.7395754,61.1667
57.37399,0.7409102,59.15234
57.20916,0.7403396,57.14516
57.04729,0.7391694,55.14438
56.92015,0.7396778,53.14073
56.86202,0.7401075,51.13303
56.8824,0.7386272,49.11857
56.97954,0.7397048,47.10571
57.15061,0.7396014,45.09721
57.39741,0.7396782,43.09528
57.71989,0.7391363,41.10399
58.11921,0.7394897,39.13084
58.59681,0.73932,37.17086
59.15264,0.7395741,35.23514
59.78502,0.7391505,33.32436
60.48947,0.7392443,31.44718
61.26474,0.739414,29.59841
62.1148,0.7397763,27.7734
63.03522,0.7398421,25.98288
64.02316,0.7387697,24.22783
65.07734,0.739478,22.51613
66.19613,0.7400016,20.84539
67.36245,0.7393016,19.2118
68.55154,0.7403154,17.6004
69.76346,0.7403921,15.98479
70.97916,0.7406867,14.37417
72.19663,0.7389665,12.76675
73.40776,0.7405074,11.161
74.61134,0.7405811,9.560496
75.92771,0.7397149,7.810516
77.23717,0.7403393,6.068599
78.53951,0.7403036,4.339996
79.83256,0.7400887,2.62359
81.11368,0.7402821,0.9222565
82.38679,0.7399989,-0.765395
83.65204,0.7404997,-2.440263
